20 01 00 04
00 20 10 20
20 01 00 01
00 00 00 10
00 00 00 0A
20 01 00 04
00 20 10 20
20 01 00 01
00 00 00 10
00 00 00 0A
20 01 00 04
00 20 10 20
20 01 00 01
00 00 00 10
00 00 00 0A
20 01 00 04
00 20 10 20
20 01 00 01
00 00 00 10
00 00 00 0A
20 01 00 04
00 20 10 20
20 01 00 01
00 00 00 10
00 00 00 0A
20 01 00 04
00 20 10 20
20 01 00 01
00 00 00 10
00 00 00 0A
20 01 00 04
00 20 10 20
20 01 00 01
00 00 00 10
00 00 00 0A
20 01 00 04
00 20 10 20
20 01 00 01
00 00 00 10
00 00 00 0A
20 01 00 04
00 20 10 20
20 01 00 01
00 00 00 10
00 00 00 0A
20 01 00 04
00 20 10 20
20 01 00 01
00 00 00 10
00 00 00 0A


